   1.0000000       8.9858131       3.0000000       250.01059       2.0000000       5.0072088     -1.41867567E-02   0.0000000      1.05822273E-02   0.0000000      7.20905839E-03
   2.0000000       8.9717112       3.0000000       250.02115       2.0000000       5.0142922     -1.41021349E-02   0.0000000      1.05604408E-02   0.0000000      7.08338805E-03
   3.0000000       8.9576931       3.0000000       250.03169       2.0000000       5.0212507     -1.40179358E-02   0.0000000      1.05386460E-02   0.0000000      6.95858011E-03
   4.0000000       8.9437590       3.0000000       250.04221       2.0000000       5.0280852     -1.39341783E-02   0.0000000      1.05168540E-02   0.0000000      6.83464902E-03
   5.0000000       8.9299078       3.0000000       250.05270       2.0000000       5.0347967     -1.38508640E-02   0.0000000      1.04950797E-02   0.0000000      6.71156915E-03
   6.0000000       8.9161396       3.0000000       250.06317       2.0000000       5.0413861     -1.37679912E-02   0.0000000      1.04733137E-02   0.0000000      6.58935495E-03
   7.0000000       8.9024544       3.0000000       250.07362       2.0000000       5.0478539     -1.36855384E-02   0.0000000      1.04515497E-02   0.0000000      6.46797754E-03
   8.0000000       8.8888512       3.0000000       250.08406       2.0000000       5.0542016     -1.36035252E-02   0.0000000      1.04297977E-02   0.0000000      6.34745555E-03
   9.0000000       8.8753290       3.0000000       250.09447       2.0000000       5.0604296     -1.35219451E-02   0.0000000      1.04080634E-02   0.0000000      6.22776337E-03
   10.000000       8.8618879       3.0000000       250.10486       2.0000000       5.0665383     -1.34407897E-02   0.0000000      1.03863431E-02   0.0000000      6.10889355E-03
   11.000000       8.8485279       3.0000000       250.11522       2.0000000       5.0725293     -1.33600682E-02  9.31322575E-10  1.03646340E-02   0.0000000      5.99086750E-03
   12.000000       8.8352480       3.0000000       250.12556       2.0000000       5.0784030     -1.32797509E-02   0.0000000      1.03429193E-02   0.0000000      5.87366289E-03
   13.000000       8.8220482       3.0000000       250.13588       2.0000000       5.0841603     -1.31998882E-02   0.0000000      1.03212539E-02   0.0000000      5.75726805E-03
   14.000000       8.8089275       3.0000000       250.14618       2.0000000       5.0898018     -1.31204277E-02   0.0000000      1.02995867E-02   0.0000000      5.64168254E-03
   15.000000       8.7958860       3.0000000       250.15646       2.0000000       5.0953288     -1.30413957E-02   0.0000000      1.02779409E-02   0.0000000      5.52691007E-03
   16.000000       8.7829237       3.0000000       250.16672       2.0000000       5.1007419     -1.29627939E-02  9.31322575E-10  1.02563230E-02   0.0000000      5.41294087E-03
   17.000000       8.7700396       3.0000000       250.17696       2.0000000       5.1060414     -1.28846057E-02  9.31322575E-10  1.02347257E-02   0.0000000      5.29975910E-03
   18.000000       8.7572327       3.0000000       250.18716       2.0000000       5.1112289     -1.28068291E-02   0.0000000      1.02131432E-02   0.0000000      5.18737221E-03
   19.000000       8.7445030       3.0000000       250.19736       2.0000000       5.1163049     -1.27294688E-02   0.0000000      1.01915849E-02   0.0000000      5.07576810E-03
   20.000000       8.7318506       3.0000000       250.20753       2.0000000       5.1212697     -1.26525126E-02   0.0000000      1.01700425E-02   0.0000000      4.96493932E-03
   21.000000       8.7192745       3.0000000       250.21768       2.0000000       5.1261244     -1.25759812E-02   0.0000000      1.01485252E-02   0.0000000      4.85491147E-03
   22.000000       8.7067747       3.0000000       250.22781       2.0000000       5.1308699     -1.24998651E-02   0.0000000      1.01270471E-02   0.0000000      4.74563614E-03
   23.000000       8.6943502       3.0000000       250.23792       2.0000000       5.1355071     -1.24241468E-02  9.31322575E-10  1.01055847E-02   0.0000000      4.63712309E-03
   24.000000       8.6820011       3.0000000       250.24800       2.0000000       5.1400366     -1.23488354E-02   0.0000000      1.00841494E-02   0.0000000      4.52937139E-03
   25.000000       8.6697273       3.0000000       250.25806       2.0000000       5.1444588     -1.22739216E-02   0.0000000      1.00627411E-02   0.0000000      4.42236057E-03
   26.000000       8.6575279       3.0000000       250.26810       2.0000000       5.1487751     -1.21994382E-02   0.0000000      1.00413719E-02   0.0000000      4.31613205E-03
   27.000000       8.6454029       3.0000000       250.27812       2.0000000       5.1529856     -1.21253431E-02   0.0000000      1.00200269E-02   0.0000000      4.21063183E-03
   28.000000       8.6333513       3.0000000       250.28812       2.0000000       5.1570916     -1.20516457E-02 -9.31322575E-10  9.99870617E-03   0.0000000      4.10587993E-03
   29.000000       8.6213732       3.0000000       250.29810       2.0000000       5.1610937     -1.19783655E-02  9.31322575E-10  9.97742917E-03   0.0000000      4.00187168E-03
   30.000000       8.6094675       3.0000000       250.30804       2.0000000       5.1649923     -1.19054560E-02  9.31322575E-10  9.95616335E-03   0.0000000      3.89858428E-03
   31.000000       8.5976343       3.0000000       250.31798       2.0000000       5.1687884     -1.18329599E-02   0.0000000      9.93494876E-03   0.0000000      3.79602239E-03
   32.000000       8.5858736       3.0000000       250.32790       2.0000000       5.1724825     -1.17608523E-02   0.0000000      9.91376117E-03   0.0000000      3.69418156E-03
   33.000000       8.5741844       3.0000000       250.33778       2.0000000       5.1760755     -1.16891367E-02   0.0000000      9.89260897E-03   0.0000000      3.59305576E-03
   34.000000       8.5625668       3.0000000       250.34766       2.0000000       5.1795683     -1.16178095E-02   0.0000000      9.87148657E-03   0.0000000      3.49264522E-03
   35.000000       8.5510197       3.0000000       250.35751       2.0000000       5.1829615     -1.15468809E-02   0.0000000      9.85040981E-03   0.0000000      3.39294155E-03
   36.000000       8.5395432       3.0000000       250.36734       2.0000000       5.1862555     -1.14763314E-02   0.0000000      9.82936099E-03   0.0000000      3.29394150E-03
   37.000000       8.5281372       3.0000000       250.37715       2.0000000       5.1894512     -1.14061814E-02   0.0000000      9.80836060E-03   0.0000000      3.19564110E-03
   38.000000       8.5168009       3.0000000       250.38693       2.0000000       5.1925492     -1.13364011E-02   0.0000000      9.78739001E-03   0.0000000      3.09802149E-03
   39.000000       8.5055342       3.0000000       250.39670       2.0000000       5.1955504     -1.12670269E-02   0.0000000      9.76647343E-03   0.0000000      3.00110714E-03
   40.000000       8.4943361       3.0000000       250.40645       2.0000000       5.1984553     -1.11980122E-02   0.0000000      9.74557642E-03   0.0000000      2.90487101E-03
   41.000000       8.4832067       3.0000000       250.41617       2.0000000       5.2012649     -1.11293867E-02   0.0000000      9.72473435E-03   0.0000000      2.80930428E-03
   42.000000       8.4721460       3.0000000       250.42587       2.0000000       5.2039795     -1.10611506E-02   0.0000000      9.70393140E-03   0.0000000      2.71443836E-03
   43.000000       8.4611530       3.0000000       250.43556       2.0000000       5.2065997     -1.09932777E-02   0.0000000      9.68316663E-03   0.0000000      2.62022205E-03
   44.000000       8.4502268       3.0000000       250.44522       2.0000000       5.2091265     -1.09257791E-02   0.0000000      9.66244005E-03   0.0000000      2.52667814E-03
   45.000000       8.4393682       3.0000000       250.45486       2.0000000       5.2115602     -1.08586643E-02   0.0000000      9.64177027E-03   0.0000000      2.43378780E-03
   46.000000       8.4285765       3.0000000       250.46449       2.0000000       5.2139020     -1.07919211E-02   0.0000000      9.62113868E-03   0.0000000      2.34156428E-03
   47.000000       8.4178505       3.0000000       250.47409       2.0000000       5.2161522     -1.07255410E-02   0.0000000      9.60054807E-03   0.0000000      2.24998570E-03
   48.000000       8.4071913       3.0000000       250.48367       2.0000000       5.2183113     -1.06595187E-02   0.0000000      9.57999472E-03   0.0000000      2.15904810E-03
   49.000000       8.3965969       3.0000000       250.49323       2.0000000       5.2203803     -1.05938911E-02   0.0000000      9.55950655E-03   0.0000000      2.06876849E-03
   50.000000       8.3860683       3.0000000       250.50276       2.0000000       5.2223597     -1.05286110E-02   0.0000000      9.53905284E-03   0.0000000      1.97911542E-03
   51.000000       8.3756046       3.0000000       250.51228       2.0000000       5.2242498     -1.04636960E-02   0.0000000      9.51864757E-03   0.0000000      1.89009763E-03
   52.000000       8.3652058       3.0000000       250.52177       2.0000000       5.2260513     -1.03991646E-02   0.0000000      9.49830282E-03   0.0000000      1.80172350E-03
   53.000000       8.3548708       3.0000000       250.53125       2.0000000       5.2277651     -1.03349658E-02   0.0000000      9.47798602E-03   0.0000000      1.71396020E-03
   54.000000       8.3445997       3.0000000       250.54071       2.0000000       5.2293921     -1.02711432E-02   0.0000000      9.45772976E-03   0.0000000      1.62682775E-03
   55.000000       8.3343916       3.0000000       250.55014       2.0000000       5.2309322     -1.02076856E-02   0.0000000      9.43752006E-03   0.0000000      1.54033187E-03
   56.000000       8.3242474       3.0000000       250.55956       2.0000000       5.2323866     -1.01445708E-02   0.0000000      9.41736344E-03   0.0000000      1.45441538E-03
   57.000000       8.3141651       3.0000000       250.56895       2.0000000       5.2337556     -1.00818062E-02   0.0000000      9.39724781E-03   0.0000000      1.36911683E-03
   58.000000       8.3041458       3.0000000       250.57834       2.0000000       5.2350402     -1.00193918E-02   0.0000000      9.37718060E-03   0.0000000      1.28442189E-03
   59.000000       8.2941885       3.0000000       250.58769       2.0000000       5.2362404     -9.95735638E-03   0.0000000      9.35718697E-03   0.0000000      1.20033929E-03
   60.000000       8.2842932       3.0000000       250.59703       2.0000000       5.2373571     -9.89565067E-03   0.0000000      9.33723059E-03   0.0000000      1.11684040E-03
   61.000000       8.2744589       3.0000000       250.60635       2.0000000       5.2383909     -9.83429793E-03   0.0000000      9.31732357E-03   0.0000000      1.03394792E-03
   62.000000       8.2646856       3.0000000       250.61565       2.0000000       5.2393427     -9.77330096E-03   0.0000000      9.29748453E-03   0.0000000      9.51633439E-04
   63.000000       8.2549734       3.0000000       250.62492       2.0000000       5.2402124     -9.71264672E-03   0.0000000      9.27768368E-03   0.0000000      8.69925483E-04
   64.000000       8.2453213       3.0000000       250.63419       2.0000000       5.2410011     -9.65233333E-03   0.0000000      9.25794709E-03   0.0000000      7.88772595E-04
   65.000000       8.2357292       3.0000000       250.64342       2.0000000       5.2417092     -9.59236361E-03   0.0000000      9.23826266E-03   0.0000000      7.08201900E-04
   66.000000       8.2261963       3.0000000       250.65263       2.0000000       5.2423372     -9.53274406E-03   0.0000000      9.21863876E-03   0.0000000      6.28210546E-04
   67.000000       8.2167225       3.0000000       250.66183       2.0000000       5.2428861     -9.47344862E-03   0.0000000      9.19906050E-03   0.0000000      5.48775657E-04
   68.000000       8.2073078       3.0000000       250.67102       2.0000000       5.2433558     -9.41448752E-03   0.0000000      9.17953346E-03   0.0000000      4.69908729E-04
   69.000000       8.1979523       3.0000000       250.68018       2.0000000       5.2437472     -9.35586449E-03   0.0000000      9.16006323E-03   0.0000000      3.91602516E-04
   70.000000       8.1886549       3.0000000       250.68932       2.0000000       5.2440610     -9.29758232E-03   0.0000000      9.14065633E-03   0.0000000      3.13852797E-04
   71.000000       8.1794157       3.0000000       250.69844       2.0000000       5.2442975     -9.23963729E-03   0.0000000      9.12130997E-03   0.0000000      2.36653810E-04
   72.000000       8.1702337       3.0000000       250.70755       2.0000000       5.2444577     -9.18201357E-03   0.0000000      9.10201110E-03   0.0000000      1.60004143E-04
   73.000000       8.1611090       3.0000000       250.71663       2.0000000       5.2445416     -9.12473444E-03   0.0000000      9.08278488E-03   0.0000000      8.38994965E-05
   74.000000       8.1520414       3.0000000       250.72569       2.0000000       5.2445498     -9.06776637E-03   0.0000000      9.06359497E-03   0.0000000      8.34274306E-06
   75.000000       8.1430302       3.0000000       250.73474       2.0000000       5.2444830     -9.01115220E-03   0.0000000      9.04447399E-03   0.0000000     -6.66433261E-05
   76.000000       8.1340752       3.0000000       250.74376       2.0000000       5.2443419     -8.95485934E-03   0.0000000      9.02542192E-03   0.0000000     -1.41125871E-04
   77.000000       8.1251764       3.0000000       250.75276       2.0000000       5.2441268     -8.89888871E-03   0.0000000      9.00641829E-03   0.0000000     -2.15059277E-04
   78.000000       8.1163330       3.0000000       250.76175       2.0000000       5.2438383     -8.84323847E-03   0.0000000      8.98747146E-03   0.0000000     -2.88466457E-04
   79.000000       8.1075449       3.0000000       250.77072       2.0000000       5.2434769     -8.78791977E-03   0.0000000      8.96859635E-03   0.0000000     -3.61353130E-04
   80.000000       8.0988121       3.0000000       250.77968       2.0000000       5.2430429     -8.73290934E-03   0.0000000      8.94977059E-03   0.0000000     -4.33722103E-04
   81.000000       8.0901337       3.0000000       250.78860       2.0000000       5.2425375     -8.67821835E-03   0.0000000      8.93100351E-03   0.0000000     -5.05570555E-04
   82.000000       8.0815096       3.0000000       250.79752       2.0000000       5.2419605     -8.62384867E-03   0.0000000      8.91231187E-03   0.0000000     -5.76927094E-04
   83.000000       8.0729399       3.0000000       250.80641       2.0000000       5.2413130     -8.56978726E-03   0.0000000      8.89366865E-03   0.0000000     -6.47763081E-04
   84.000000       8.0644236       3.0000000       250.81529       2.0000000       5.2405949     -8.51604901E-03   0.0000000      8.87509715E-03   0.0000000     -7.18097086E-04
   85.000000       8.0559607       3.0000000       250.82414       2.0000000       5.2398071     -8.46260134E-03   0.0000000      8.85655917E-03   0.0000000     -7.87916360E-04
   86.000000       8.0475512       3.0000000       250.83298       2.0000000       5.2389498     -8.40947218E-03   0.0000000      8.83810502E-03   0.0000000     -8.57266481E-04
   87.000000       8.0391941       3.0000000       250.84180       2.0000000       5.2380238     -8.35667364E-03   0.0000000      8.81972443E-03   0.0000000     -9.26101871E-04
   88.000000       8.0308895       3.0000000       250.85060       2.0000000       5.2370291     -8.30415078E-03   0.0000000      8.80137831E-03   0.0000000     -9.94455186E-04
   89.000000       8.0226374       3.0000000       250.85939       2.0000000       5.2359667     -8.25195760E-03 -9.31322575E-10  8.78311787E-03   0.0000000     -1.06231961E-03
   90.000000       8.0144377       3.0000000       250.86815       2.0000000       5.2348371     -8.20005219E-03   0.0000000      8.76490679E-03   0.0000000     -1.12970918E-03
   91.000000       8.0062895       3.0000000       250.87689       2.0000000       5.2336407     -8.14847369E-03   0.0000000      8.74678046E-03   0.0000000     -1.19661388E-03
   92.000000       7.9981923       3.0000000       250.88562       2.0000000       5.2323775     -8.09716899E-03   0.0000000      8.72868672E-03   0.0000000     -1.26303534E-03
   93.000000       7.9901462       3.0000000       250.89433       2.0000000       5.2310486     -8.04617908E-03   0.0000000      8.71067494E-03   0.0000000     -1.32899184E-03
   94.000000       7.9821506       3.0000000       250.90303       2.0000000       5.2296543     -7.99548160E-03   0.0000000      8.69271811E-03   0.0000000     -1.39447220E-03
   95.000000       7.9742055       3.0000000       250.91171       2.0000000       5.2281947     -7.94509146E-03   0.0000000      8.67483858E-03   0.0000000     -1.45949353E-03
   96.000000       7.9663105       3.0000000       250.92036       2.0000000       5.2266707     -7.89498072E-03   0.0000000      8.65700468E-03   0.0000000     -1.52404723E-03
   97.000000       7.9584651       3.0000000       250.92900       2.0000000       5.2250824     -7.84517825E-03   0.0000000      8.63924809E-03   0.0000000     -1.58813898E-03
   98.000000       7.9506693       3.0000000       250.93762       2.0000000       5.2234306     -7.79565750E-03   0.0000000      8.62154830E-03   0.0000000     -1.65178161E-03
   99.000000       7.9429231       3.0000000       250.94623       2.0000000       5.2217155     -7.74643384E-03   0.0000000      8.60391743E-03   0.0000000     -1.71496673E-03
   100.00000       7.9352255       3.0000000       250.95482       2.0000000       5.2199378     -7.69750495E-03   0.0000000      8.58635549E-03   0.0000000     -1.77770120E-03
   101.00000       7.9275765       3.0000000       250.96339       2.0000000       5.2180977     -7.64885172E-03   0.0000000      8.56885314E-03   0.0000000     -1.84000249E-03
   102.00000       7.9199762       3.0000000       250.97194       2.0000000       5.2161961     -7.60049513E-03   0.0000000      8.55141599E-03   0.0000000     -1.90184172E-03
   103.00000       7.9124236       3.0000000       250.98047       2.0000000       5.2142329     -7.55242491E-03   0.0000000      8.53404868E-03   0.0000000     -1.96324778E-03
   104.00000       7.9049191       3.0000000       250.98898       2.0000000       5.2122087     -7.50462618E-03   0.0000000      8.51673540E-03   0.0000000     -2.02421891E-03
   105.00000       7.8974619       3.0000000       250.99748       2.0000000       5.2101240     -7.45712500E-03   0.0000000      8.49950407E-03   0.0000000     -2.08475813E-03
   106.00000       7.8900518       3.0000000       251.00597       2.0000000       5.2079792     -7.40989204E-03   0.0000000      8.48232210E-03   0.0000000     -2.14485987E-03
   107.00000       7.8826890       3.0000000       251.01443       2.0000000       5.2057748     -7.36294966E-03   0.0000000      8.46521743E-03   0.0000000     -2.20453530E-03
   108.00000       7.8753729       3.0000000       251.02289       2.0000000       5.2035108     -7.31627690E-03   0.0000000      8.44817050E-03   0.0000000     -2.26378720E-03
   109.00000       7.8681030       3.0000000       251.03133       2.0000000       5.2011881     -7.26988586E-03   0.0000000      8.43119621E-03   0.0000000     -2.32262048E-03
   110.00000       7.8608794       3.0000000       251.03973       2.0000000       5.1988072     -7.22376909E-03   0.0000000      8.41428712E-03   0.0000000     -2.38103583E-03
   111.00000       7.8537016       3.0000000       251.04813       2.0000000       5.1963682     -7.17791356E-03   0.0000000      8.39742739E-03   0.0000000     -2.43902812E-03
   112.00000       7.8465691       3.0000000       251.05650       2.0000000       5.1938715     -7.13236071E-03   0.0000000      8.38066638E-03   0.0000000     -2.49661109E-03
   113.00000       7.8394818       3.0000000       251.06487       2.0000000       5.1913176     -7.08705606E-03   0.0000000      8.36395007E-03   0.0000000     -2.55378801E-03
   114.00000       7.8324399       3.0000000       251.07321       2.0000000       5.1887069     -7.04202754E-03   0.0000000      8.34730547E-03   0.0000000     -2.61055608E-03
   115.00000       7.8254428       3.0000000       251.08154       2.0000000       5.1860399     -6.99726399E-03   0.0000000      8.33072234E-03   0.0000000     -2.66691623E-03
   116.00000       7.8184900       3.0000000       251.08986       2.0000000       5.1833172     -6.95276540E-03   0.0000000      8.31420347E-03   0.0000000     -2.72287615E-03
   117.00000       7.8115816       3.0000000       251.09816       2.0000000       5.1805387     -6.90854806E-03   0.0000000      8.29776749E-03   0.0000000     -2.77843839E-03
   118.00000       7.8047171       3.0000000       251.10645       2.0000000       5.1777048     -6.86458638E-03   0.0000000      8.28138925E-03   0.0000000     -2.83360551E-03
   119.00000       7.7978964       3.0000000       251.11472       2.0000000       5.1748166     -6.82087522E-03   0.0000000      8.26506875E-03   0.0000000     -2.88838684E-03
   120.00000       7.7911191       3.0000000       251.12297       2.0000000       5.1718740     -6.77744346E-03   0.0000000      8.24882369E-03   0.0000000     -2.94276071E-03
